========================================
strength_of_noise: 0.01
========================================
Pearson_Correlation:
          0         1         2         3         4         5         6         7         8         9
0  1.000000  0.015143  0.000199  0.013305  0.002454  0.015240  0.006370  0.013668  0.024428  0.006496
1  0.015143  1.000000  0.001560  0.000769  0.002205  0.011833  0.002485  0.021188  0.002304  0.002974
2  0.000199  0.001560  1.000000  0.004221  0.003301  0.008361  0.003940  0.006598  0.001063  0.001658
3  0.013305  0.000769  0.004221  1.000000  0.004665  0.000940  0.010175  0.002801  0.009721  0.012325
4  0.002454  0.002205  0.003301  0.004665  1.000000  0.004625  0.009794  0.024064  0.002846  0.010162
5  0.015240  0.011833  0.008361  0.000940  0.004625  1.000000  0.010630  0.007312  0.002206  0.001942
6  0.006370  0.002485  0.003940  0.010175  0.009794  0.010630  1.000000  0.006242  0.000503  0.006863
7  0.013668  0.021188  0.006598  0.002801  0.024064  0.007312  0.006242  1.000000  0.025395  0.011553
8  0.024428  0.002304  0.001063  0.009721  0.002846  0.002206  0.000503  0.025395  1.000000  0.634800
9  0.006496  0.002974  0.001658  0.012325  0.010162  0.001942  0.006863  0.011553  0.634800  1.000000

Mutual_Information:
          0         1         2         3         4         5         6         7         8         9
0  0.000000  0.009592  0.004782  0.000000  0.000000  0.000000  0.003302  0.000000  0.000000  0.000130
1  0.009592  0.000000  0.002434  0.010296  0.012082  0.004667  0.000000  0.000902  0.005949  0.005333
2  0.004782  0.002434  0.000000  0.004042  0.000000  0.000000  0.009832  0.000000  0.014931  0.000000
3  0.000000  0.010296  0.004042  0.000000  0.003089  0.000132  0.002418  0.000000  0.002441  0.000000
4  0.000000  0.012082  0.000000  0.003089  0.000000  0.003525  0.002957  0.007969  0.000000  0.003886
5  0.000000  0.004667  0.000000  0.000132  0.003525  0.000000  0.000000  0.008958  0.000000  0.000000
6  0.003302  0.000000  0.009832  0.002418  0.002957  0.000000  0.000000  0.001043  0.000000  0.000000
7  0.000000  0.000902  0.000000  0.000000  0.007969  0.008958  0.001043  0.000000  0.000000  0.097690
8  0.000000  0.005949  0.014931  0.002441  0.000000  0.000000  0.000000  0.000000  0.000000  2.093705
9  0.000130  0.005333  0.000000  0.000000  0.003886  0.000000  0.000000  0.097690  2.093705  0.000000

Conditional_Entropy:
          0         1         2         3         4         5         6         7         8         9
0  0.000000  0.004251  0.003589  0.003680  0.003397  0.003351  0.003188  0.003525  0.004608  0.003448
1  0.004251  0.000000  0.003406  0.004911  0.003891  0.004234  0.003517  0.004063  0.003442  0.003977
2  0.003589  0.003406  0.000000  0.003381  0.002729  0.002964  0.003191  0.003504  0.004036  0.004108
3  0.003680  0.004911  0.003381  0.000000  0.003112  0.004309  0.004536  0.005132  0.003307  0.002970
4  0.003397  0.003891  0.002729  0.003112  0.000000  0.004240  0.003486  0.003704  0.002674  0.002683
5  0.003351  0.004234  0.002964  0.004309  0.004240  0.000000  0.004008  0.003958  0.005163  0.004383
6  0.003188  0.003517  0.003191  0.004536  0.003486  0.004008  0.000000  0.003224  0.002794  0.003491
7  0.003525  0.004063  0.003504  0.005132  0.003704  0.003958  0.003224  0.000000  0.003967  0.057897
8  0.004608  0.003442  0.004036  0.003307  0.002674  0.005163  0.002794  0.003967  0.000000  0.386521
9  0.003448  0.003977  0.004108  0.002970  0.002683  0.004383  0.003491  0.057897  0.386521  0.000000

Distance_Correlation:
          0         1         2         3         4         5         6         7         8         9
0  0.000000  0.018468  0.014461  0.017382  0.015813  0.019117  0.016495  0.021157  0.025049  0.017887
1  0.018468  0.000000  0.014397  0.015710  0.018004  0.020188  0.012220  0.025907  0.015217  0.014848
2  0.014461  0.014397  0.000000  0.013454  0.011614  0.015385  0.014030  0.015253  0.014685  0.018583
3  0.017382  0.015710  0.013454  0.000000  0.017264  0.014417  0.017653  0.016537  0.018043  0.016594
4  0.015813  0.018004  0.011614  0.017264  0.000000  0.013545  0.017325  0.033829  0.014618  0.020185
5  0.019117  0.020188  0.015385  0.014417  0.013545  0.000000  0.019105  0.016097  0.016195  0.020364
6  0.016495  0.012220  0.014030  0.017653  0.017325  0.019105  0.000000  0.017028  0.013724  0.018581
7  0.021157  0.025907  0.015253  0.016537  0.033829  0.016097  0.017028  0.000000  0.027918  0.189466
8  0.025049  0.015217  0.014685  0.018043  0.014618  0.016195  0.013724  0.027918  0.000000  0.580686
9  0.017887  0.014848  0.018583  0.016594  0.020185  0.020364  0.018581  0.189466  0.580686  0.000000

The Proposed Method:
Accuracy: 0.99245
Feature Importances:           0
0  0.066899
1  0.067635
2  0.066115
3  0.067503
4  0.067303
5  0.066497
6  0.067428
7  0.137567
8  0.227693
9  0.165360
========================================
strength_of_noise: 0.1
========================================
Pearson_Correlation:
          0         1         2         3         4         5         6         7         8         9
0  1.000000  0.015143  0.000199  0.013305  0.002454  0.015240  0.006370  0.013668  0.024428  0.006458
1  0.015143  1.000000  0.001560  0.000769  0.002205  0.011833  0.002485  0.021188  0.002304  0.002466
2  0.000199  0.001560  1.000000  0.004221  0.003301  0.008361  0.003940  0.006598  0.001063  0.001768
3  0.013305  0.000769  0.004221  1.000000  0.004665  0.000940  0.010175  0.002801  0.009721  0.012956
4  0.002454  0.002205  0.003301  0.004665  1.000000  0.004625  0.009794  0.024064  0.002846  0.010743
5  0.015240  0.011833  0.008361  0.000940  0.004625  1.000000  0.010630  0.007312  0.002206  0.002070
6  0.006370  0.002485  0.003940  0.010175  0.009794  0.010630  1.000000  0.006242  0.000503  0.006203
7  0.013668  0.021188  0.006598  0.002801  0.024064  0.007312  0.006242  1.000000  0.025395  0.011627
8  0.024428  0.002304  0.001063  0.009721  0.002846  0.002206  0.000503  0.025395  1.000000  0.634176
9  0.006458  0.002466  0.001768  0.012956  0.010743  0.002070  0.006203  0.011627  0.634176  1.000000

Mutual_Information:
          0         1         2         3         4         5         6         7         8         9
0  0.000000  0.009592  0.004782  0.000000  0.000000  0.000000  0.003302  0.000000  0.000000  0.000000
1  0.009592  0.000000  0.002434  0.010296  0.012082  0.004667  0.000000  0.000902  0.005949  0.004827
2  0.004782  0.002434  0.000000  0.004042  0.000000  0.000000  0.009832  0.000000  0.014931  0.000000
3  0.000000  0.010296  0.004042  0.000000  0.003089  0.000132  0.002418  0.000000  0.002441  0.000798
4  0.000000  0.012082  0.000000  0.003089  0.000000  0.003525  0.002957  0.007969  0.000000  0.008228
5  0.000000  0.004667  0.000000  0.000132  0.003525  0.000000  0.000000  0.008958  0.000000  0.000000
6  0.003302  0.000000  0.009832  0.002418  0.002957  0.000000  0.000000  0.001043  0.000000  0.000000
7  0.000000  0.000902  0.000000  0.000000  0.007969  0.008958  0.001043  0.000000  0.000000  0.097615
8  0.000000  0.005949  0.014931  0.002441  0.000000  0.000000  0.000000  0.000000  0.000000  1.049512
9  0.000000  0.004827  0.000000  0.000798  0.008228  0.000000  0.000000  0.097615  1.049512  0.000000

Conditional_Entropy:
          0         1         2         3         4         5         6         7         8         9
0  0.000000  0.004251  0.003589  0.003680  0.003397  0.003351  0.003188  0.003525  0.004608  0.003327
1  0.004251  0.000000  0.003406  0.004911  0.003891  0.004234  0.003517  0.004063  0.003442  0.003973
2  0.003589  0.003406  0.000000  0.003381  0.002729  0.002964  0.003191  0.003504  0.004036  0.003806
3  0.003680  0.004911  0.003381  0.000000  0.003112  0.004309  0.004536  0.005132  0.003307  0.002939
4  0.003397  0.003891  0.002729  0.003112  0.000000  0.004240  0.003486  0.003704  0.002674  0.002624
5  0.003351  0.004234  0.002964  0.004309  0.004240  0.000000  0.004008  0.003958  0.005163  0.004377
6  0.003188  0.003517  0.003191  0.004536  0.003486  0.004008  0.000000  0.003224  0.002794  0.003610
7  0.003525  0.004063  0.003504  0.005132  0.003704  0.003958  0.003224  0.000000  0.003967  0.057391
8  0.004608  0.003442  0.004036  0.003307  0.002674  0.005163  0.002794  0.003967  0.000000  0.404108
9  0.003327  0.003973  0.003806  0.002939  0.002624  0.004377  0.003610  0.057391  0.404108  0.000000

Distance_Correlation:
          0         1         2         3         4         5         6         7         8         9
0  0.000000  0.018468  0.014461  0.017382  0.015813  0.019117  0.016495  0.021157  0.025049  0.018100
1  0.018468  0.000000  0.014397  0.015710  0.018004  0.020188  0.012220  0.025907  0.015217  0.015334
2  0.014461  0.014397  0.000000  0.013454  0.011614  0.015385  0.014030  0.015253  0.014685  0.018433
3  0.017382  0.015710  0.013454  0.000000  0.017264  0.014417  0.017653  0.016537  0.018043  0.016796
4  0.015813  0.018004  0.011614  0.017264  0.000000  0.013545  0.017325  0.033829  0.014618  0.020655
5  0.019117  0.020188  0.015385  0.014417  0.013545  0.000000  0.019105  0.016097  0.016195  0.020337
6  0.016495  0.012220  0.014030  0.017653  0.017325  0.019105  0.000000  0.017028  0.013724  0.018160
7  0.021157  0.025907  0.015253  0.016537  0.033829  0.016097  0.017028  0.000000  0.027918  0.190092
8  0.025049  0.015217  0.014685  0.018043  0.014618  0.016195  0.013724  0.027918  0.000000  0.579663
9  0.018100  0.015334  0.018433  0.016796  0.020655  0.020337  0.018160  0.190092  0.579663  0.000000

The Proposed Method:
Accuracy: 0.9751
Feature Importances:           0
0  0.062411
1  0.062433
2  0.061979
3  0.063648
4  0.061571
5  0.062051
6  0.062381
7  0.146624
8  0.234920
9  0.181982
========================================
strength_of_noise: 0.25
========================================
Pearson_Correlation:
          0         1         2         3         4         5         6         7         8         9
0  1.000000  0.015143  0.000199  0.013305  0.002454  0.015240  0.006370  0.013668  0.024428  0.006374
1  0.015143  1.000000  0.001560  0.000769  0.002205  0.011833  0.002485  0.021188  0.002304  0.001616
2  0.000199  0.001560  1.000000  0.004221  0.003301  0.008361  0.003940  0.006598  0.001063  0.001945
3  0.013305  0.000769  0.004221  1.000000  0.004665  0.000940  0.010175  0.002801  0.009721  0.013956
4  0.002454  0.002205  0.003301  0.004665  1.000000  0.004625  0.009794  0.024064  0.002846  0.011668
5  0.015240  0.011833  0.008361  0.000940  0.004625  1.000000  0.010630  0.007312  0.002206  0.002276
6  0.006370  0.002485  0.003940  0.010175  0.009794  0.010630  1.000000  0.006242  0.000503  0.005089
7  0.013668  0.021188  0.006598  0.002801  0.024064  0.007312  0.006242  1.000000  0.025395  0.011711
8  0.024428  0.002304  0.001063  0.009721  0.002846  0.002206  0.000503  0.025395  1.000000  0.630946
9  0.006374  0.001616  0.001945  0.013956  0.011668  0.002276  0.005089  0.011711  0.630946  1.000000

Mutual_Information:
          0         1         2         3         4         5         6         7         8         9
0  0.000000  0.009592  0.004782  0.000000  0.000000  0.000000  0.003302  0.000000  0.000000  0.000000
1  0.009592  0.000000  0.002434  0.010296  0.012082  0.004667  0.000000  0.000902  0.005949  0.006109
2  0.004782  0.002434  0.000000  0.004042  0.000000  0.000000  0.009832  0.000000  0.014931  0.010958
3  0.000000  0.010296  0.004042  0.000000  0.003089  0.000132  0.002418  0.000000  0.002441  0.007334
4  0.000000  0.012082  0.000000  0.003089  0.000000  0.003525  0.002957  0.007969  0.000000  0.000000
5  0.000000  0.004667  0.000000  0.000132  0.003525  0.000000  0.000000  0.008958  0.000000  0.000000
6  0.003302  0.000000  0.009832  0.002418  0.002957  0.000000  0.000000  0.001043  0.000000  0.009662
7  0.000000  0.000902  0.000000  0.000000  0.007969  0.008958  0.001043  0.000000  0.000000  0.100551
8  0.000000  0.005949  0.014931  0.002441  0.000000  0.000000  0.000000  0.000000  0.000000  0.696647
9  0.000000  0.006109  0.010958  0.007334  0.000000  0.000000  0.009662  0.100551  0.696647  0.000000

Conditional_Entropy:
          0         1         2         3         4         5         6         7         8         9
0  0.000000  0.004251  0.003589  0.003680  0.003397  0.003351  0.003188  0.003525  0.004608  0.002811
1  0.004251  0.000000  0.003406  0.004911  0.003891  0.004234  0.003517  0.004063  0.003442  0.004154
2  0.003589  0.003406  0.000000  0.003381  0.002729  0.002964  0.003191  0.003504  0.004036  0.003607
3  0.003680  0.004911  0.003381  0.000000  0.003112  0.004309  0.004536  0.005132  0.003307  0.003709
4  0.003397  0.003891  0.002729  0.003112  0.000000  0.004240  0.003486  0.003704  0.002674  0.002593
5  0.003351  0.004234  0.002964  0.004309  0.004240  0.000000  0.004008  0.003958  0.005163  0.004190
6  0.003188  0.003517  0.003191  0.004536  0.003486  0.004008  0.000000  0.003224  0.002794  0.003861
7  0.003525  0.004063  0.003504  0.005132  0.003704  0.003958  0.003224  0.000000  0.003967  0.058292
8  0.004608  0.003442  0.004036  0.003307  0.002674  0.005163  0.002794  0.003967  0.000000  0.401273
9  0.002811  0.004154  0.003607  0.003709  0.002593  0.004190  0.003861  0.058292  0.401273  0.000000

Distance_Correlation:
          0         1         2         3         4         5         6         7         8         9
0  0.000000  0.018468  0.014461  0.017382  0.015813  0.019117  0.016495  0.021157  0.025049  0.018279
1  0.018468  0.000000  0.014397  0.015710  0.018004  0.020188  0.012220  0.025907  0.015217  0.016561
2  0.014461  0.014397  0.000000  0.013454  0.011614  0.015385  0.014030  0.015253  0.014685  0.018114
3  0.017382  0.015710  0.013454  0.000000  0.017264  0.014417  0.017653  0.016537  0.018043  0.017231
4  0.015813  0.018004  0.011614  0.017264  0.000000  0.013545  0.017325  0.033829  0.014618  0.021560
5  0.019117  0.020188  0.015385  0.014417  0.013545  0.000000  0.019105  0.016097  0.016195  0.020205
6  0.016495  0.012220  0.014030  0.017653  0.017325  0.019105  0.000000  0.017028  0.013724  0.017920
7  0.021157  0.025907  0.015253  0.016537  0.033829  0.016097  0.017028  0.000000  0.027918  0.192246
8  0.025049  0.015217  0.014685  0.018043  0.014618  0.016195  0.013724  0.027918  0.000000  0.574655
9  0.018279  0.016561  0.018114  0.017231  0.021560  0.020205  0.017920  0.192246  0.574655  0.000000

The Proposed Method:
Accuracy: 0.97365
Feature Importances:           0
0  0.063768
1  0.064279
2  0.063393
3  0.065361
4  0.064725
5  0.064284
6  0.063641
7  0.141564
8  0.229897
9  0.179089
========================================
strength_of_noise: 0.5
========================================
Pearson_Correlation:
          0         1         2         3         4         5         6         7         8         9
0  1.000000  0.015143  0.000199  0.013305  0.002454  0.015240  0.006370  0.013668  0.024428  0.006176
1  0.015143  1.000000  0.001560  0.000769  0.002205  0.011833  0.002485  0.021188  0.002304  0.000217
2  0.000199  0.001560  1.000000  0.004221  0.003301  0.008361  0.003940  0.006598  0.001063  0.002216
3  0.013305  0.000769  0.004221  1.000000  0.004665  0.000940  0.010175  0.002801  0.009721  0.015457
4  0.002454  0.002205  0.003301  0.004665  1.000000  0.004625  0.009794  0.024064  0.002846  0.013068
5  0.015240  0.011833  0.008361  0.000940  0.004625  1.000000  0.010630  0.007312  0.002206  0.002590
6  0.006370  0.002485  0.003940  0.010175  0.009794  0.010630  1.000000  0.006242  0.000503  0.003227
7  0.013668  0.021188  0.006598  0.002801  0.024064  0.007312  0.006242  1.000000  0.025395  0.011738
8  0.024428  0.002304  0.001063  0.009721  0.002846  0.002206  0.000503  0.025395  1.000000  0.619832
9  0.006176  0.000217  0.002216  0.015457  0.013068  0.002590  0.003227  0.011738  0.619832  1.000000

Mutual_Information:
          0         1         2         3         4         5         6         7         8         9
0  0.000000  0.009592  0.004782  0.000000  0.000000  0.000000  0.003302  0.000000  0.000000  0.000000
1  0.009592  0.000000  0.002434  0.010296  0.012082  0.004667  0.000000  0.000902  0.005949  0.011910
2  0.004782  0.002434  0.000000  0.004042  0.000000  0.000000  0.009832  0.000000  0.014931  0.010136
3  0.000000  0.010296  0.004042  0.000000  0.003089  0.000132  0.002418  0.000000  0.002441  0.009435
4  0.000000  0.012082  0.000000  0.003089  0.000000  0.003525  0.002957  0.007969  0.000000  0.006818
5  0.000000  0.004667  0.000000  0.000132  0.003525  0.000000  0.000000  0.008958  0.000000  0.000000
6  0.003302  0.000000  0.009832  0.002418  0.002957  0.000000  0.000000  0.001043  0.000000  0.002882
7  0.000000  0.000902  0.000000  0.000000  0.007969  0.008958  0.001043  0.000000  0.000000  0.106916
8  0.000000  0.005949  0.014931  0.002441  0.000000  0.000000  0.000000  0.000000  0.000000  0.470264
9  0.000000  0.011910  0.010136  0.009435  0.006818  0.000000  0.002882  0.106916  0.470264  0.000000

Conditional_Entropy:
          0         1         2         3         4         5         6         7         8         9
0  0.000000  0.004251  0.003589  0.003680  0.003397  0.003351  0.003188  0.003525  0.004608  0.003341
1  0.004251  0.000000  0.003406  0.004911  0.003891  0.004234  0.003517  0.004063  0.003442  0.004227
2  0.003589  0.003406  0.000000  0.003381  0.002729  0.002964  0.003191  0.003504  0.004036  0.003552
3  0.003680  0.004911  0.003381  0.000000  0.003112  0.004309  0.004536  0.005132  0.003307  0.003942
4  0.003397  0.003891  0.002729  0.003112  0.000000  0.004240  0.003486  0.003704  0.002674  0.002948
5  0.003351  0.004234  0.002964  0.004309  0.004240  0.000000  0.004008  0.003958  0.005163  0.004192
6  0.003188  0.003517  0.003191  0.004536  0.003486  0.004008  0.000000  0.003224  0.002794  0.004153
7  0.003525  0.004063  0.003504  0.005132  0.003704  0.003958  0.003224  0.000000  0.003967  0.061606
8  0.004608  0.003442  0.004036  0.003307  0.002674  0.005163  0.002794  0.003967  0.000000  0.335413
9  0.003341  0.004227  0.003552  0.003942  0.002948  0.004192  0.004153  0.061606  0.335413  0.000000

Distance_Correlation:
          0         1         2         3         4         5         6         7         8         9
0  0.000000  0.018468  0.014461  0.017382  0.015813  0.019117  0.016495  0.021157  0.025049  0.018102
1  0.018468  0.000000  0.014397  0.015710  0.018004  0.020188  0.012220  0.025907  0.015217  0.018313
2  0.014461  0.014397  0.000000  0.013454  0.011614  0.015385  0.014030  0.015253  0.014685  0.017234
3  0.017382  0.015710  0.013454  0.000000  0.017264  0.014417  0.017653  0.016537  0.018043  0.018375
4  0.015813  0.018004  0.011614  0.017264  0.000000  0.013545  0.017325  0.033829  0.014618  0.023191
5  0.019117  0.020188  0.015385  0.014417  0.013545  0.000000  0.019105  0.016097  0.016195  0.019878
6  0.016495  0.012220  0.014030  0.017653  0.017325  0.019105  0.000000  0.017028  0.013724  0.017562
7  0.021157  0.025907  0.015253  0.016537  0.033829  0.016097  0.017028  0.000000  0.027918  0.198723
8  0.025049  0.015217  0.014685  0.018043  0.014618  0.016195  0.013724  0.027918  0.000000  0.558946
9  0.018102  0.018313  0.017234  0.018375  0.023191  0.019878  0.017562  0.198723  0.558946  0.000000

The Proposed Method:
Accuracy: 0.98455
Feature Importances:           0
0  0.070246
1  0.071627
2  0.069751
3  0.071790
4  0.069981
5  0.069523
6  0.069547
7  0.127433
8  0.203147
9  0.176956
========================================
strength_of_noise: 0.75
========================================
Pearson_Correlation:
          0         1         2         3         4         5         6         7         8         9
0  1.000000  0.015143  0.000199  0.013305  0.002454  0.015240  0.006370  0.013668  0.024428  0.005922
1  0.015143  1.000000  0.001560  0.000769  0.002205  0.011833  0.002485  0.021188  0.002304  0.001123
2  0.000199  0.001560  1.000000  0.004221  0.003301  0.008361  0.003940  0.006598  0.001063  0.002451
3  0.013305  0.000769  0.004221  1.000000  0.004665  0.000940  0.010175  0.002801  0.009721  0.016724
4  0.002454  0.002205  0.003301  0.004665  1.000000  0.004625  0.009794  0.024064  0.002846  0.014265
5  0.015240  0.011833  0.008361  0.000940  0.004625  1.000000  0.010630  0.007312  0.002206  0.002863
6  0.006370  0.002485  0.003940  0.010175  0.009794  0.010630  1.000000  0.006242  0.000503  0.001413
7  0.013668  0.021188  0.006598  0.002801  0.024064  0.007312  0.006242  1.000000  0.025395  0.011639
8  0.024428  0.002304  0.001063  0.009721  0.002846  0.002206  0.000503  0.025395  1.000000  0.602555
9  0.005922  0.001123  0.002451  0.016724  0.014265  0.002863  0.001413  0.011639  0.602555  1.000000

Mutual_Information:
          0         1         2         3         4         5         6         7         8         9
0  0.000000  0.009592  0.004782  0.000000  0.000000  0.000000  0.003302  0.000000  0.000000  0.000000
1  0.009592  0.000000  0.002434  0.010296  0.012082  0.004667  0.000000  0.000902  0.005949  0.017775
2  0.004782  0.002434  0.000000  0.004042  0.000000  0.000000  0.009832  0.000000  0.014931  0.000000
3  0.000000  0.010296  0.004042  0.000000  0.003089  0.000132  0.002418  0.000000  0.002441  0.000000
4  0.000000  0.012082  0.000000  0.003089  0.000000  0.003525  0.002957  0.007969  0.000000  0.001834
5  0.000000  0.004667  0.000000  0.000132  0.003525  0.000000  0.000000  0.008958  0.000000  0.000000
6  0.003302  0.000000  0.009832  0.002418  0.002957  0.000000  0.000000  0.001043  0.000000  0.002137
7  0.000000  0.000902  0.000000  0.000000  0.007969  0.008958  0.001043  0.000000  0.000000  0.114441
8  0.000000  0.005949  0.014931  0.002441  0.000000  0.000000  0.000000  0.000000  0.000000  0.360826
9  0.000000  0.017775  0.000000  0.000000  0.001834  0.000000  0.002137  0.114441  0.360826  0.000000

Conditional_Entropy:
          0         1         2         3         4         5         6         7         8         9
0  0.000000  0.004251  0.003589  0.003680  0.003397  0.003351  0.003188  0.003525  0.004608  0.003074
1  0.004251  0.000000  0.003406  0.004911  0.003891  0.004234  0.003517  0.004063  0.003442  0.004922
2  0.003589  0.003406  0.000000  0.003381  0.002729  0.002964  0.003191  0.003504  0.004036  0.003397
3  0.003680  0.004911  0.003381  0.000000  0.003112  0.004309  0.004536  0.005132  0.003307  0.004229
4  0.003397  0.003891  0.002729  0.003112  0.000000  0.004240  0.003486  0.003704  0.002674  0.002888
5  0.003351  0.004234  0.002964  0.004309  0.004240  0.000000  0.004008  0.003958  0.005163  0.003433
6  0.003188  0.003517  0.003191  0.004536  0.003486  0.004008  0.000000  0.003224  0.002794  0.003975
7  0.003525  0.004063  0.003504  0.005132  0.003704  0.003958  0.003224  0.000000  0.003967  0.064284
8  0.004608  0.003442  0.004036  0.003307  0.002674  0.005163  0.002794  0.003967  0.000000  0.280313
9  0.003074  0.004922  0.003397  0.004229  0.002888  0.003433  0.003975  0.064284  0.280313  0.000000

Distance_Correlation:
          0         1         2         3         4         5         6         7         8         9
0  0.000000  0.018468  0.014461  0.017382  0.015813  0.019117  0.016495  0.021157  0.025049  0.017973
1  0.018468  0.000000  0.014397  0.015710  0.018004  0.020188  0.012220  0.025907  0.015217  0.019337
2  0.014461  0.014397  0.000000  0.013454  0.011614  0.015385  0.014030  0.015253  0.014685  0.016477
3  0.017382  0.015710  0.013454  0.000000  0.017264  0.014417  0.017653  0.016537  0.018043  0.018993
4  0.015813  0.018004  0.011614  0.017264  0.000000  0.013545  0.017325  0.033829  0.014618  0.024884
5  0.019117  0.020188  0.015385  0.014417  0.013545  0.000000  0.019105  0.016097  0.016195  0.019290
6  0.016495  0.012220  0.014030  0.017653  0.017325  0.019105  0.000000  0.017028  0.013724  0.017824
7  0.021157  0.025907  0.015253  0.016537  0.033829  0.016097  0.017028  0.000000  0.027918  0.208270
8  0.025049  0.015217  0.014685  0.018043  0.014618  0.016195  0.013724  0.027918  0.000000  0.536878
9  0.017973  0.019337  0.016477  0.018993  0.024884  0.019290  0.017824  0.208270  0.536878  0.000000

The Proposed Method:
Accuracy: 0.98465
Feature Importances:           0
0  0.073119
1  0.073846
2  0.072263
3  0.074268
4  0.072427
5  0.073167
6  0.072067
7  0.128660
8  0.185038
9  0.175145
========================================
strength_of_noise: 0.9
========================================
Pearson_Correlation:
          0         1         2         3         4         5         6         7         8         9
0  1.000000  0.015143  0.000199  0.013305  0.002454  0.015240  0.006370  0.013668  0.024428  0.005748
1  0.015143  1.000000  0.001560  0.000769  0.002205  0.011833  0.002485  0.021188  0.002304  0.001883
2  0.000199  0.001560  1.000000  0.004221  0.003301  0.008361  0.003940  0.006598  0.001063  0.002573
3  0.013305  0.000769  0.004221  1.000000  0.004665  0.000940  0.010175  0.002801  0.009721  0.017370
4  0.002454  0.002205  0.003301  0.004665  1.000000  0.004625  0.009794  0.024064  0.002846  0.014882
5  0.015240  0.011833  0.008361  0.000940  0.004625  1.000000  0.010630  0.007312  0.002206  0.003005
6  0.006370  0.002485  0.003940  0.010175  0.009794  0.010630  1.000000  0.006242  0.000503  0.000370
7  0.013668  0.021188  0.006598  0.002801  0.024064  0.007312  0.006242  1.000000  0.025395  0.011527
8  0.024428  0.002304  0.001063  0.009721  0.002846  0.002206  0.000503  0.025395  1.000000  0.589849
9  0.005748  0.001883  0.002573  0.017370  0.014882  0.003005  0.000370  0.011527  0.589849  1.000000

Mutual_Information:
          0         1         2         3         4         5         6         7         8         9
0  0.000000  0.009592  0.004782  0.000000  0.000000  0.000000  0.003302  0.000000  0.000000  0.000000
1  0.009592  0.000000  0.002434  0.010296  0.012082  0.004667  0.000000  0.000902  0.005949  0.022545
2  0.004782  0.002434  0.000000  0.004042  0.000000  0.000000  0.009832  0.000000  0.014931  0.000000
3  0.000000  0.010296  0.004042  0.000000  0.003089  0.000132  0.002418  0.000000  0.002441  0.000000
4  0.000000  0.012082  0.000000  0.003089  0.000000  0.003525  0.002957  0.007969  0.000000  0.000000
5  0.000000  0.004667  0.000000  0.000132  0.003525  0.000000  0.000000  0.008958  0.000000  0.000000
6  0.003302  0.000000  0.009832  0.002418  0.002957  0.000000  0.000000  0.001043  0.000000  0.000000
7  0.000000  0.000902  0.000000  0.000000  0.007969  0.008958  0.001043  0.000000  0.000000  0.121511
8  0.000000  0.005949  0.014931  0.002441  0.000000  0.000000  0.000000  0.000000  0.000000  0.321929
9  0.000000  0.022545  0.000000  0.000000  0.000000  0.000000  0.000000  0.121511  0.321929  0.000000

Conditional_Entropy:
          0         1         2         3         4         5         6         7         8         9
0  0.000000  0.004251  0.003589  0.003680  0.003397  0.003351  0.003188  0.003525  0.004608  0.003376
1  0.004251  0.000000  0.003406  0.004911  0.003891  0.004234  0.003517  0.004063  0.003442  0.005102
2  0.003589  0.003406  0.000000  0.003381  0.002729  0.002964  0.003191  0.003504  0.004036  0.003287
3  0.003680  0.004911  0.003381  0.000000  0.003112  0.004309  0.004536  0.005132  0.003307  0.003970
4  0.003397  0.003891  0.002729  0.003112  0.000000  0.004240  0.003486  0.003704  0.002674  0.003077
5  0.003351  0.004234  0.002964  0.004309  0.004240  0.000000  0.004008  0.003958  0.005163  0.003633
6  0.003188  0.003517  0.003191  0.004536  0.003486  0.004008  0.000000  0.003224  0.002794  0.004432
7  0.003525  0.004063  0.003504  0.005132  0.003704  0.003958  0.003224  0.000000  0.003967  0.069414
8  0.004608  0.003442  0.004036  0.003307  0.002674  0.005163  0.002794  0.003967  0.000000  0.253673
9  0.003376  0.005102  0.003287  0.003970  0.003077  0.003633  0.004432  0.069414  0.253673  0.000000

Distance_Correlation:
          0         1         2         3         4         5         6         7         8         9
0  0.000000  0.018468  0.014461  0.017382  0.015813  0.019117  0.016495  0.021157  0.025049  0.018094
1  0.018468  0.000000  0.014397  0.015710  0.018004  0.020188  0.012220  0.025907  0.015217  0.019707
2  0.014461  0.014397  0.000000  0.013454  0.011614  0.015385  0.014030  0.015253  0.014685  0.015989
3  0.017382  0.015710  0.013454  0.000000  0.017264  0.014417  0.017653  0.016537  0.018043  0.019288
4  0.015813  0.018004  0.011614  0.017264  0.000000  0.013545  0.017325  0.033829  0.014618  0.025859
5  0.019117  0.020188  0.015385  0.014417  0.013545  0.000000  0.019105  0.016097  0.016195  0.018755
6  0.016495  0.012220  0.014030  0.017653  0.017325  0.019105  0.000000  0.017028  0.013724  0.018245
7  0.021157  0.025907  0.015253  0.016537  0.033829  0.016097  0.017028  0.000000  0.027918  0.215093
8  0.025049  0.015217  0.014685  0.018043  0.014618  0.016195  0.013724  0.027918  0.000000  0.521782
9  0.018094  0.019707  0.015989  0.019288  0.025859  0.018755  0.018245  0.215093  0.521782  0.000000

The Proposed Method:
Accuracy: 0.98605
Feature Importances:           0
0  0.074496
1  0.074597
2  0.073081
3  0.074557
4  0.074207
5  0.074531
6  0.073119
7  0.123309
8  0.183601
9  0.174502
========================================
strength_of_noise: 1
========================================
Pearson_Correlation:
          0         1         2         3         4         5         6         7         8         9
0  1.000000  0.015143  0.000199  0.013305  0.002454  0.015240  0.006370  0.013668  0.024428  0.005626
1  0.015143  1.000000  0.001560  0.000769  0.002205  0.011833  0.002485  0.021188  0.002304  0.002368
2  0.000199  0.001560  1.000000  0.004221  0.003301  0.008361  0.003940  0.006598  0.001063  0.002648
3  0.013305  0.000769  0.004221  1.000000  0.004665  0.000940  0.010175  0.002801  0.009721  0.017753
4  0.002454  0.002205  0.003301  0.004665  1.000000  0.004625  0.009794  0.024064  0.002846  0.015252
5  0.015240  0.011833  0.008361  0.000940  0.004625  1.000000  0.010630  0.007312  0.002206  0.003091
6  0.006370  0.002485  0.003940  0.010175  0.009794  0.010630  1.000000  0.006242  0.000503  0.000301
7  0.013668  0.021188  0.006598  0.002801  0.024064  0.007312  0.006242  1.000000  0.025395  0.011434
8  0.024428  0.002304  0.001063  0.009721  0.002846  0.002206  0.000503  0.025395  1.000000  0.580620
9  0.005626  0.002368  0.002648  0.017753  0.015252  0.003091  0.000301  0.011434  0.580620  1.000000

Mutual_Information:
          0         1         2         3         4         5         6         7         8         9
0  0.000000  0.009592  0.004782  0.000000  0.000000  0.000000  0.003302  0.000000  0.000000  0.000000
1  0.009592  0.000000  0.002434  0.010296  0.012082  0.004667  0.000000  0.000902  0.005949  0.020644
2  0.004782  0.002434  0.000000  0.004042  0.000000  0.000000  0.009832  0.000000  0.014931  0.000000
3  0.000000  0.010296  0.004042  0.000000  0.003089  0.000132  0.002418  0.000000  0.002441  0.000000
4  0.000000  0.012082  0.000000  0.003089  0.000000  0.003525  0.002957  0.007969  0.000000  0.000909
5  0.000000  0.004667  0.000000  0.000132  0.003525  0.000000  0.000000  0.008958  0.000000  0.002196
6  0.003302  0.000000  0.009832  0.002418  0.002957  0.000000  0.000000  0.001043  0.000000  0.002345
7  0.000000  0.000902  0.000000  0.000000  0.007969  0.008958  0.001043  0.000000  0.000000  0.126766
8  0.000000  0.005949  0.014931  0.002441  0.000000  0.000000  0.000000  0.000000  0.000000  0.293818
9  0.000000  0.020644  0.000000  0.000000  0.000909  0.002196  0.002345  0.126766  0.293818  0.000000

Conditional_Entropy:
          0         1         2         3         4         5         6         7         8         9
0  0.000000  0.004251  0.003589  0.003680  0.003397  0.003351  0.003188  0.003525  0.004608  0.003779
1  0.004251  0.000000  0.003406  0.004911  0.003891  0.004234  0.003517  0.004063  0.003442  0.005411
2  0.003589  0.003406  0.000000  0.003381  0.002729  0.002964  0.003191  0.003504  0.004036  0.003585
3  0.003680  0.004911  0.003381  0.000000  0.003112  0.004309  0.004536  0.005132  0.003307  0.004116
4  0.003397  0.003891  0.002729  0.003112  0.000000  0.004240  0.003486  0.003704  0.002674  0.003181
5  0.003351  0.004234  0.002964  0.004309  0.004240  0.000000  0.004008  0.003958  0.005163  0.004301
6  0.003188  0.003517  0.003191  0.004536  0.003486  0.004008  0.000000  0.003224  0.002794  0.004253
7  0.003525  0.004063  0.003504  0.005132  0.003704  0.003958  0.003224  0.000000  0.003967  0.071934
8  0.004608  0.003442  0.004036  0.003307  0.002674  0.005163  0.002794  0.003967  0.000000  0.234800
9  0.003779  0.005411  0.003585  0.004116  0.003181  0.004301  0.004253  0.071934  0.234800  0.000000

Distance_Correlation:
          0         1         2         3         4         5         6         7         8         9
0  0.000000  0.018468  0.014461  0.017382  0.015813  0.019117  0.016495  0.021157  0.025049  0.018267
1  0.018468  0.000000  0.014397  0.015710  0.018004  0.020188  0.012220  0.025907  0.015217  0.019896
2  0.014461  0.014397  0.000000  0.013454  0.011614  0.015385  0.014030  0.015253  0.014685  0.015709
3  0.017382  0.015710  0.013454  0.000000  0.017264  0.014417  0.017653  0.016537  0.018043  0.019436
4  0.015813  0.018004  0.011614  0.017264  0.000000  0.013545  0.017325  0.033829  0.014618  0.026487
5  0.019117  0.020188  0.015385  0.014417  0.013545  0.000000  0.019105  0.016097  0.016195  0.018419
6  0.016495  0.012220  0.014030  0.017653  0.017325  0.019105  0.000000  0.017028  0.013724  0.018554
7  0.021157  0.025907  0.015253  0.016537  0.033829  0.016097  0.017028  0.000000  0.027918  0.219972
8  0.025049  0.015217  0.014685  0.018043  0.014618  0.016195  0.013724  0.027918  0.000000  0.511254
9  0.018267  0.019896  0.015709  0.019436  0.026487  0.018419  0.018554  0.219972  0.511254  0.000000

The Proposed Method:
Accuracy: 0.9688
Feature Importances:           0
0  0.071972
1  0.072438
2  0.071327
3  0.073534
4  0.072346
5  0.072865
6  0.071960
7  0.127818
8  0.180531
9  0.185210
========================================
strength_of_noise: 2
========================================
Pearson_Correlation:
          0         1         2         3         4         5         6         7         8         9
0  1.000000  0.015143  0.000199  0.013305  0.002454  0.015240  0.006370  0.013668  0.024428  0.004347
1  0.015143  1.000000  0.001560  0.000769  0.002205  0.011833  0.002485  0.021188  0.002304  0.006158
2  0.000199  0.001560  1.000000  0.004221  0.003301  0.008361  0.003940  0.006598  0.001063  0.003106
3  0.013305  0.000769  0.004221  1.000000  0.004665  0.000940  0.010175  0.002801  0.009721  0.019912
4  0.002454  0.002205  0.003301  0.004665  1.000000  0.004625  0.009794  0.024064  0.002846  0.017429
5  0.015240  0.011833  0.008361  0.000940  0.004625  1.000000  0.010630  0.007312  0.002206  0.003622
6  0.006370  0.002485  0.003940  0.010175  0.009794  0.010630  1.000000  0.006242  0.000503  0.005700
7  0.013668  0.021188  0.006598  0.002801  0.024064  0.007312  0.006242  1.000000  0.025395  0.010084
8  0.024428  0.002304  0.001063  0.009721  0.002846  0.002206  0.000503  0.025395  1.000000  0.475506
9  0.004347  0.006158  0.003106  0.019912  0.017429  0.003622  0.005700  0.010084  0.475506  1.000000

Mutual_Information:
          0         1         2         3         4         5         6         7         8         9
0  0.000000  0.009592  0.004782  0.000000  0.000000  0.000000  0.003302  0.000000  0.000000  0.001834
1  0.009592  0.000000  0.002434  0.010296  0.012082  0.004667  0.000000  0.000902  0.005949  0.000689
2  0.004782  0.002434  0.000000  0.004042  0.000000  0.000000  0.009832  0.000000  0.014931  0.010113
3  0.000000  0.010296  0.004042  0.000000  0.003089  0.000132  0.002418  0.000000  0.002441  0.000000
4  0.000000  0.012082  0.000000  0.003089  0.000000  0.003525  0.002957  0.007969  0.000000  0.000000
5  0.000000  0.004667  0.000000  0.000132  0.003525  0.000000  0.000000  0.008958  0.000000  0.000000
6  0.003302  0.000000  0.009832  0.002418  0.002957  0.000000  0.000000  0.001043  0.000000  0.000000
7  0.000000  0.000902  0.000000  0.000000  0.007969  0.008958  0.001043  0.000000  0.000000  0.183474
8  0.000000  0.005949  0.014931  0.002441  0.000000  0.000000  0.000000  0.000000  0.000000  0.153506
9  0.001834  0.000689  0.010113  0.000000  0.000000  0.000000  0.000000  0.183474  0.153506  0.000000

Conditional_Entropy:
          0         1         2         3         4         5         6         7         8         9
0  0.000000  0.004251  0.003589  0.003680  0.003397  0.003351  0.003188  0.003525  0.004608  0.003870
1  0.004251  0.000000  0.003406  0.004911  0.003891  0.004234  0.003517  0.004063  0.003442  0.004137
2  0.003589  0.003406  0.000000  0.003381  0.002729  0.002964  0.003191  0.003504  0.004036  0.003205
3  0.003680  0.004911  0.003381  0.000000  0.003112  0.004309  0.004536  0.005132  0.003307  0.003632
4  0.003397  0.003891  0.002729  0.003112  0.000000  0.004240  0.003486  0.003704  0.002674  0.003469
5  0.003351  0.004234  0.002964  0.004309  0.004240  0.000000  0.004008  0.003958  0.005163  0.004616
6  0.003188  0.003517  0.003191  0.004536  0.003486  0.004008  0.000000  0.003224  0.002794  0.004309
7  0.003525  0.004063  0.003504  0.005132  0.003704  0.003958  0.003224  0.000000  0.003967  0.102795
8  0.004608  0.003442  0.004036  0.003307  0.002674  0.005163  0.002794  0.003967  0.000000  0.131861
9  0.003870  0.004137  0.003205  0.003632  0.003469  0.004616  0.004309  0.102795  0.131861  0.000000

Distance_Correlation:
          0         1         2         3         4         5         6         7         8         9
0  0.000000  0.018468  0.014461  0.017382  0.015813  0.019117  0.016495  0.021157  0.025049  0.019067
1  0.018468  0.000000  0.014397  0.015710  0.018004  0.020188  0.012220  0.025907  0.015217  0.020411
2  0.014461  0.014397  0.000000  0.013454  0.011614  0.015385  0.014030  0.015253  0.014685  0.016173
3  0.017382  0.015710  0.013454  0.000000  0.017264  0.014417  0.017653  0.016537  0.018043  0.020915
4  0.015813  0.018004  0.011614  0.017264  0.000000  0.013545  0.017325  0.033829  0.014618  0.030426
5  0.019117  0.020188  0.015385  0.014417  0.013545  0.000000  0.019105  0.016097  0.016195  0.018429
6  0.016495  0.012220  0.014030  0.017653  0.017325  0.019105  0.000000  0.017028  0.013724  0.021469
7  0.021157  0.025907  0.015253  0.016537  0.033829  0.016097  0.017028  0.000000  0.027918  0.273384
8  0.025049  0.015217  0.014685  0.018043  0.014618  0.016195  0.013724  0.027918  0.000000  0.405698
9  0.019067  0.020411  0.016173  0.020915  0.030426  0.018429  0.021469  0.273384  0.405698  0.000000

The Proposed Method:
Accuracy: 0.75095
Feature Importances:           0
0  0.061669
1  0.061328
2  0.059323
3  0.064857
4  0.061321
5  0.062287
6  0.060969
7  0.153627
8  0.155849
9  0.258770
========================================
strength_of_noise: 10
========================================
Pearson_Correlation:
          0         1         2         3         4         5         6         7         8         9
0  1.000000  0.015143  0.000199  0.013305  0.002454  0.015240  0.006370  0.013668  0.024428  0.000653
1  0.015143  1.000000  0.001560  0.000769  0.002205  0.011833  0.002485  0.021188  0.002304  0.011755
2  0.000199  0.001560  1.000000  0.004221  0.003301  0.008361  0.003940  0.006598  0.001063  0.003121
3  0.013305  0.000769  0.004221  1.000000  0.004665  0.000940  0.010175  0.002801  0.009721  0.018497
4  0.002454  0.002205  0.003301  0.004665  1.000000  0.004625  0.009794  0.024064  0.002846  0.016748
5  0.015240  0.011833  0.008361  0.000940  0.004625  1.000000  0.010630  0.007312  0.002206  0.003631
6  0.006370  0.002485  0.003940  0.010175  0.009794  0.010630  1.000000  0.006242  0.000503  0.014538
7  0.013668  0.021188  0.006598  0.002801  0.024064  0.007312  0.006242  1.000000  0.025395  0.004644
8  0.024428  0.002304  0.001063  0.009721  0.002846  0.002206  0.000503  0.025395  1.000000  0.138888
9  0.000653  0.011755  0.003121  0.018497  0.016748  0.003631  0.014538  0.004644  0.138888  1.000000

Mutual_Information:
          0         1         2         3         4         5         6         7         8         9
0  0.000000  0.009592  0.004782  0.000000  0.000000  0.000000  0.003302  0.000000  0.000000  0.011125
1  0.009592  0.000000  0.002434  0.010296  0.012082  0.004667  0.000000  0.000902  0.005949  0.000000
2  0.004782  0.002434  0.000000  0.004042  0.000000  0.000000  0.009832  0.000000  0.014931  0.000000
3  0.000000  0.010296  0.004042  0.000000  0.003089  0.000132  0.002418  0.000000  0.002441  0.000000
4  0.000000  0.012082  0.000000  0.003089  0.000000  0.003525  0.002957  0.007969  0.000000  0.005500
5  0.000000  0.004667  0.000000  0.000132  0.003525  0.000000  0.000000  0.008958  0.000000  0.003308
6  0.003302  0.000000  0.009832  0.002418  0.002957  0.000000  0.000000  0.001043  0.000000  0.003766
7  0.000000  0.000902  0.000000  0.000000  0.007969  0.008958  0.001043  0.000000  0.000000  0.430887
8  0.000000  0.005949  0.014931  0.002441  0.000000  0.000000  0.000000  0.000000  0.000000  0.017604
9  0.011125  0.000000  0.000000  0.000000  0.005500  0.003308  0.003766  0.430887  0.017604  0.000000

Conditional_Entropy:
          0         1         2         3         4         5         6         7         8         9
0  0.000000  0.004251  0.003589  0.003680  0.003397  0.003351  0.003188  0.003525  0.004608  0.003651
1  0.004251  0.000000  0.003406  0.004911  0.003891  0.004234  0.003517  0.004063  0.003442  0.003991
2  0.003589  0.003406  0.000000  0.003381  0.002729  0.002964  0.003191  0.003504  0.004036  0.004159
3  0.003680  0.004911  0.003381  0.000000  0.003112  0.004309  0.004536  0.005132  0.003307  0.004385
4  0.003397  0.003891  0.002729  0.003112  0.000000  0.004240  0.003486  0.003704  0.002674  0.004133
5  0.003351  0.004234  0.002964  0.004309  0.004240  0.000000  0.004008  0.003958  0.005163  0.003376
6  0.003188  0.003517  0.003191  0.004536  0.003486  0.004008  0.000000  0.003224  0.002794  0.004617
7  0.003525  0.004063  0.003504  0.005132  0.003704  0.003958  0.003224  0.000000  0.003967  0.181958
8  0.004608  0.003442  0.004036  0.003307  0.002674  0.005163  0.002794  0.003967  0.000000  0.012221
9  0.003651  0.003991  0.004159  0.004385  0.004133  0.003376  0.004617  0.181958  0.012221  0.000000

Distance_Correlation:
          0         1         2         3         4         5         6         7         8         9
0  0.000000  0.018468  0.014461  0.017382  0.015813  0.019117  0.016495  0.021157  0.025049  0.018944
1  0.018468  0.000000  0.014397  0.015710  0.018004  0.020188  0.012220  0.025907  0.015217  0.019524
2  0.014461  0.014397  0.000000  0.013454  0.011614  0.015385  0.014030  0.015253  0.014685  0.014125
3  0.017382  0.015710  0.013454  0.000000  0.017264  0.014417  0.017653  0.016537  0.018043  0.024404
4  0.015813  0.018004  0.011614  0.017264  0.000000  0.013545  0.017325  0.033829  0.014618  0.032717
5  0.019117  0.020188  0.015385  0.014417  0.013545  0.000000  0.019105  0.016097  0.016195  0.016428
6  0.016495  0.012220  0.014030  0.017653  0.017325  0.019105  0.000000  0.017028  0.013724  0.022109
7  0.021157  0.025907  0.015253  0.016537  0.033829  0.016097  0.017028  0.000000  0.027918  0.432602
8  0.025049  0.015217  0.014685  0.018043  0.014618  0.016195  0.013724  0.027918  0.000000  0.117669
9  0.018944  0.019524  0.014125  0.024404  0.032717  0.016428  0.022109  0.432602  0.117669  0.000000

The Proposed Method:
Accuracy: 0.77005
Feature Importances:           0
0  0.063512
1  0.063024
2  0.060567
3  0.065540
4  0.062465
5  0.064539
6  0.063936
7  0.184797
8  0.074046
9  0.297576

========================================
Statistics
========================================
    strength_of_noise                Method  avg_independent_features_statistics  min_independent_features_statistics  max_independent_features_statistics  avg_dependent_features_statistics  min_dependent_features_statistics  max_dependent_features_statistics top3_selected_features  independent_vs_dependent_avg_statistics_diff_%
0                0.01   Pearson_Correlation                             0.006296                             0.000199                             0.015240                           0.223916                           0.011553                           0.634800           [0, 7, 8, 9]                                         3456.47
1                0.01    Mutual_Information                             0.003483                             0.000000                             0.012082                           0.730465                           0.000000                           2.093705           [2, 7, 8, 9]                                        20870.00
2                0.01   Conditional_Entropy                             0.003684                             0.002729                             0.004911                           0.149462                           0.003967                           0.386521           [5, 7, 8, 9]                                         3956.56
3                0.01  Distance_Correlation                             0.016002                             0.011614                             0.020188                           0.266023                           0.027918                           0.580686           [4, 7, 8, 9]                                         1562.41
4                0.01       Proposed_Method                             0.067054                             0.066115                             0.067635                           0.176873                           0.137567                           0.227693              [7, 8, 9]                                          163.78
5                0.10   Pearson_Correlation                             0.006296                             0.000199                             0.015240                           0.223733                           0.011627                           0.634176           [0, 7, 8, 9]                                         3453.57
6                0.10    Mutual_Information                             0.003483                             0.000000                             0.012082                           0.382376                           0.000000                           1.049512           [2, 7, 8, 9]                                        10877.15
7                0.10   Conditional_Entropy                             0.003684                             0.002729                             0.004911                           0.155156                           0.003967                           0.404108           [5, 7, 8, 9]                                         4111.10
8                0.10  Distance_Correlation                             0.016002                             0.011614                             0.020188                           0.265891                           0.027918                           0.579663           [4, 7, 8, 9]                                         1561.58
9                0.10       Proposed_Method                             0.062353                             0.061571                             0.063648                           0.187842                           0.146624                           0.234920              [7, 8, 9]                                          201.25
10               0.25   Pearson_Correlation                             0.006296                             0.000199                             0.015240                           0.222684                           0.011711                           0.630946           [0, 7, 8, 9]                                         3436.91
11               0.25    Mutual_Information                             0.003483                             0.000000                             0.012082                           0.265733                           0.000000                           0.696647           [2, 7, 8, 9]                                         7528.59
12               0.25   Conditional_Entropy                             0.003684                             0.002729                             0.004911                           0.154511                           0.003967                           0.401273           [5, 7, 8, 9]                                         4093.59
13               0.25  Distance_Correlation                             0.016002                             0.011614                             0.020188                           0.264940                           0.027918                           0.574655           [4, 7, 8, 9]                                         1555.64
14               0.25       Proposed_Method                             0.064207                             0.063393                             0.065361                           0.183517                           0.141564                           0.229897              [7, 8, 9]                                          185.82
15               0.50   Pearson_Correlation                             0.006296                             0.000199                             0.015240                           0.218988                           0.011738                           0.619832           [0, 7, 8, 9]                                         3378.22
16               0.50    Mutual_Information                             0.003483                             0.000000                             0.012082                           0.192394                           0.000000                           0.470264           [2, 7, 8, 9]                                         5423.19
17               0.50   Conditional_Entropy                             0.003684                             0.002729                             0.004911                           0.133662                           0.003967                           0.335413           [5, 7, 8, 9]                                         3527.74
18               0.50  Distance_Correlation                             0.016002                             0.011614                             0.020188                           0.261862                           0.027918                           0.558946           [4, 7, 8, 9]                                         1536.40
19               0.50       Proposed_Method                             0.070352                             0.069523                             0.071790                           0.169179                           0.127433                           0.203147              [7, 8, 9]                                          140.47
20               0.75   Pearson_Correlation                             0.006296                             0.000199                             0.015240                           0.213196                           0.011639                           0.602555           [0, 7, 8, 9]                                         3286.21
21               0.75    Mutual_Information                             0.003483                             0.000000                             0.012082                           0.158422                           0.000000                           0.360826           [1, 7, 8, 9]                                         4447.95
22               0.75   Conditional_Entropy                             0.003684                             0.002729                             0.004911                           0.116188                           0.003967                           0.280313           [5, 7, 8, 9]                                         3053.47
23               0.75  Distance_Correlation                             0.016002                             0.011614                             0.020188                           0.257689                           0.027918                           0.536878           [4, 7, 8, 9]                                         1510.32
24               0.75       Proposed_Method                             0.073022                             0.072067                             0.074268                           0.162948                           0.128660                           0.185038              [7, 8, 9]                                          123.15
25               0.90   Pearson_Correlation                             0.006296                             0.000199                             0.015240                           0.208923                           0.011527                           0.589849           [0, 7, 8, 9]                                         3218.35
26               0.90    Mutual_Information                             0.003483                             0.000000                             0.012082                           0.147813                           0.000000                           0.321929           [1, 7, 8, 9]                                         4143.38
27               0.90   Conditional_Entropy                             0.003684                             0.002729                             0.004911                           0.109018                           0.003967                           0.253673           [5, 7, 8, 9]                                         2858.87
28               0.90  Distance_Correlation                             0.016002                             0.011614                             0.020188                           0.254931                           0.027918                           0.521782           [4, 7, 8, 9]                                         1493.09
29               0.90       Proposed_Method                             0.074084                             0.073081                             0.074597                           0.160471                           0.123309                           0.183601              [7, 8, 9]                                          116.61
30               1.00   Pearson_Correlation                             0.006296                             0.000199                             0.015240                           0.205816                           0.011434                           0.580620           [0, 7, 8, 9]                                         3169.00
31               1.00    Mutual_Information                             0.003483                             0.000000                             0.012082                           0.140195                           0.000000                           0.293818           [1, 7, 8, 9]                                         3924.68
32               1.00   Conditional_Entropy                             0.003684                             0.002729                             0.004911                           0.103567                           0.003967                           0.234800           [1, 7, 8, 9]                                         2710.93
33               1.00  Distance_Correlation                             0.016002                             0.011614                             0.020188                           0.253048                           0.027918                           0.511254           [4, 7, 8, 9]                                         1481.32
34               1.00       Proposed_Method                             0.072349                             0.071327                             0.073534                           0.164519                           0.127818                           0.185210              [7, 8, 9]                                          127.40
35               2.00   Pearson_Correlation                             0.006296                             0.000199                             0.015240                           0.170328                           0.010084                           0.475506           [0, 7, 8, 9]                                         2605.34
36               2.00    Mutual_Information                             0.003483                             0.000000                             0.012082                           0.112327                           0.000000                           0.183474           [2, 7, 8, 9]                                         3124.65
37               2.00   Conditional_Entropy                             0.003684                             0.002729                             0.004911                           0.079541                           0.003967                           0.131861           [5, 7, 8, 9]                                         2058.82
38               2.00  Distance_Correlation                             0.016002                             0.011614                             0.020188                           0.235667                           0.027918                           0.405698           [4, 7, 8, 9]                                         1372.70
39               2.00       Proposed_Method                             0.061679                             0.059323                             0.064857                           0.189415                           0.153627                           0.258770              [7, 8, 9]                                          207.10
40              10.00   Pearson_Correlation                             0.006296                             0.000199                             0.015240                           0.056309                           0.004644                           0.138888           [0, 7, 8, 9]                                          794.36
41              10.00    Mutual_Information                             0.003483                             0.000000                             0.012082                           0.149497                           0.000000                           0.430887           [2, 7, 8, 9]                                         4191.72
42              10.00   Conditional_Entropy                             0.003684                             0.002729                             0.004911                           0.066049                           0.003967                           0.181958           [5, 7, 8, 9]                                         1692.64
43              10.00  Distance_Correlation                             0.016002                             0.011614                             0.020188                           0.192730                           0.027918                           0.432602           [4, 7, 8, 9]                                         1104.39
44              10.00       Proposed_Method                             0.063369                             0.060567                             0.065540                           0.185473                           0.074046                           0.297576              [7, 8, 9]                                          192.69

